🔌 Connected to MongoDB for all iterations
[0,0,0]

25.00 | $-34.90

25.00 | $70.33
[0,0,1]

25.00 | $16.60
[0,0,2]

25.00 | $5.02
[0,0,3]

25.00 | $-10.98
[0,0,4]

25.00 | $15.78
[0,0,5]

25.00 | $15.78
[0,1,0]

25.00 | $-11.69
[0,1,1]

25.00 | $-30.50
[0,1,2]

25.00 | $1.12
[0,1,3]

25.00 | $-14.88
[0,1,4]

25.00 | $11.88
[0,1,5]

25.00 | $11.88
[0,2,0]

25.00 | $-11.69
[0,2,1]

25.00 | $-30.50
[0,2,2]

25.00 | $1.12
[0,2,3]

25.00 | $-14.88
[0,2,4]

25.00 | $11.88
[0,2,5]

25.00 | $11.88
[0,3,0]

25.00 | $-11.69
[0,3,1]

25.00 | $-30.50
[0,3,2]

25.00 | $1.12
[0,3,3]

25.00 | $-14.88
[0,3,4]

25.00 | $11.88
[0,3,5]

25.00 | $11.88
[0,4,0]

25.00 | $-11.69
[0,4,1]

25.00 | $-30.50
[0,4,2]

25.00 | $1.12
[0,4,3]

25.00 | $-14.88
[0,4,4]

25.00 | $11.88
[0,4,5]

25.00 | $11.88
[0,5,0]

25.00 | $-11.69
[0,5,1]

25.00 | $-30.50
[0,5,2]

25.00 | $1.12
[0,5,3]

25.00 | $-14.88
[0,5,4]

25.00 | $11.88
[0,5,5]

25.00 | $11.88
[1,0,0]

25.00 | $70.33
[1,0,1]

25.00 | $16.60
[1,0,2]

25.00 | $5.02
[1,0,3]

25.00 | $-10.98
[1,0,4]

25.00 | $15.78
[1,0,5]

25.00 | $15.78
[1,1,0]

25.00 | $-40.88
[1,1,1]

25.00 | $-71.69
[1,1,2]

25.00 | $-18.44
[1,1,3]

25.00 | $-34.44
[1,1,4]

25.00 | $-7.68
[1,1,5]

25.00 | $-7.68
[1,2,0]

25.00 | $-40.88
[1,2,1]

25.00 | $-71.69
[1,2,2]

25.00 | $-18.44
[1,2,3]

25.00 | $-34.44
[1,2,4]

25.00 | $-7.68
[1,2,5]

25.00 | $-7.68
[1,3,0]

25.00 | $-40.88
[1,3,1]

25.00 | $-71.69
[1,3,2]

25.00 | $-18.44
[1,3,3]

25.00 | $-34.44
[1,3,4]

25.00 | $-7.68
[1,3,5]

25.00 | $-7.68
[1,4,0]

25.00 | $-40.88
[1,4,1]

25.00 | $-71.69
[1,4,2]

25.00 | $-18.44
[1,4,3]

25.00 | $-34.44
[1,4,4]

25.00 | $-7.68
[1,4,5]

25.00 | $-7.68
[1,5,0]

25.00 | $-40.88
[1,5,1]

25.00 | $-71.69
[1,5,2]

25.00 | $-18.44
[1,5,3]

25.00 | $-34.44
[1,5,4]

25.00 | $-7.68
[1,5,5]

25.00 | $-7.68
[2,0,0]

25.00 | $70.33
[2,0,1]

25.00 | $16.60
[2,0,2]

25.00 | $5.02
[2,0,3]

25.00 | $-10.98
[2,0,4]

25.00 | $15.78
[2,0,5]

25.00 | $15.78
[2,1,0]

25.00 | $-57.34
[2,1,1]

25.00 | $-88.15
[2,1,2]

25.00 | $-34.90
[2,1,3]

25.00 | $-50.90
[2,1,4]

25.00 | $-24.14
[2,1,5]

25.00 | $-24.14
[2,2,0]

25.00 | $-57.34
[2,2,1]

25.00 | $-88.15
[2,2,2]

25.00 | $-34.90
[2,2,3]

25.00 | $-50.90
[2,2,4]

25.00 | $-24.14
[2,2,5]

25.00 | $-24.14
[2,3,0]

25.00 | $-57.34
[2,3,1]

25.00 | $-88.15
[2,3,2]

25.00 | $-34.90
[2,3,3]

25.00 | $-50.90
[2,3,4]

25.00 | $-24.14
[2,3,5]

25.00 | $-24.14
[2,4,0]

25.00 | $-57.34
[2,4,1]

25.00 | $-88.15
[2,4,2]

25.00 | $-34.90
[2,4,3]

25.00 | $-50.90
[2,4,4]

25.00 | $-24.14
[2,4,5]

25.00 | $-24.14
[2,5,0]

25.00 | $-57.34
[2,5,1]

25.00 | $-88.15
[2,5,2]

25.00 | $-34.90
[2,5,3]

25.00 | $-50.90
[2,5,4]

25.00 | $-24.14
[2,5,5]

25.00 | $-24.14
[3,0,0]

25.00 | $70.33
[3,0,1]

25.00 | $16.60
[3,0,2]

25.00 | $5.02
[3,0,3]

25.00 | $-10.98
[3,0,4]

25.00 | $15.78
[3,0,5]

25.00 | $15.78
[3,1,0]

25.00 | $-57.34
[3,1,1]

25.00 | $-88.15
[3,1,2]

25.00 | $-34.90
[3,1,3]

25.00 | $-50.90
[3,1,4]

25.00 | $-24.14
[3,1,5]

25.00 | $-24.14
[3,2,0]

25.00 | $-57.34
[3,2,1]

25.00 | $-88.15
[3,2,2]

25.00 | $-34.90
[3,2,3]

25.00 | $-50.90
[3,2,4]

25.00 | $-24.14
[3,2,5]

25.00 | $-24.14
[3,3,0]

25.00 | $-57.34
[3,3,1]

25.00 | $-88.15
[3,3,2]

25.00 | $-34.90
[3,3,3]

25.00 | $-50.90
[3,3,4]

25.00 | $-24.14
[3,3,5]

25.00 | $-24.14
[3,4,0]

25.00 | $-57.34
[3,4,1]

25.00 | $-88.15
[3,4,2]

25.00 | $-34.90
[3,4,3]

25.00 | $-50.90
[3,4,4]

25.00 | $-24.14
[3,4,5]

25.00 | $-24.14
[3,5,0]

25.00 | $-57.34
[3,5,1]

25.00 | $-88.15
[3,5,2]

25.00 | $-34.90
[3,5,3]

25.00 | $-50.90
[3,5,4]

25.00 | $-24.14
[3,5,5]

25.00 | $-24.14
[4,0,0]

25.00 | $70.33
[4,0,1]

25.00 | $16.60
[4,0,2]

25.00 | $5.02
[4,0,3]

25.00 | $-10.98
[4,0,4]

25.00 | $15.78
[4,0,5]

25.00 | $15.78
[4,1,0]

25.00 | $-57.34
[4,1,1]

25.00 | $-88.15
[4,1,2]

25.00 | $-34.90
[4,1,3]

25.00 | $-50.90
[4,1,4]

25.00 | $-24.14
[4,1,5]

25.00 | $-24.14
[4,2,0]

25.00 | $-57.34
[4,2,1]

25.00 | $-88.15
[4,2,2]

25.00 | $-34.90
[4,2,3]

25.00 | $-50.90
[4,2,4]

25.00 | $-24.14
[4,2,5]

25.00 | $-24.14
[4,3,0]

25.00 | $-57.34
[4,3,1]

25.00 | $-88.15
[4,3,2]

25.00 | $-34.90
[4,3,3]

25.00 | $-50.90
[4,3,4]

25.00 | $-24.14
[4,3,5]

25.00 | $-24.14
[4,4,0]

25.00 | $-57.34
[4,4,1]

25.00 | $-88.15
[4,4,2]

25.00 | $-34.90
[4,4,3]

25.00 | $-50.90
[4,4,4]

25.00 | $-24.14
[4,4,5]

25.00 | $-24.14
[4,5,0]

25.00 | $-57.34
[4,5,1]

25.00 | $-88.15
[4,5,2]

25.00 | $-34.90
[4,5,3]

25.00 | $-50.90
[4,5,4]

25.00 | $-24.14
[4,5,5]

25.00 | $-24.14
[5,0,0]

25.00 | $70.33
[5,0,1]

25.00 | $16.60
[5,0,2]

25.00 | $5.02
[5,0,3]

25.00 | $-10.98
[5,0,4]

25.00 | $15.78
[5,0,5]

25.00 | $15.78
[5,1,0]

25.00 | $-57.34
[5,1,1]

25.00 | $-88.15
[5,1,2]

25.00 | $-34.90
[5,1,3]

25.00 | $-50.90
[5,1,4]

25.00 | $-24.14
[5,1,5]

25.00 | $-24.14
[5,2,0]

25.00 | $-57.34
[5,2,1]

25.00 | $-88.15
[5,2,2]

25.00 | $-34.90
[5,2,3]

25.00 | $-50.90
[5,2,4]

25.00 | $-24.14
[5,2,5]

25.00 | $-24.14
[5,3,0]

25.00 | $-57.34
[5,3,1]

25.00 | $-88.15
[5,3,2]

25.00 | $-34.90
[5,3,3]

25.00 | $-50.90
[5,3,4]

25.00 | $-24.14
[5,3,5]

25.00 | $-24.14
[5,4,0]

25.00 | $-57.34
[5,4,1]

25.00 | $-88.15
[5,4,2]

25.00 | $-34.90
[5,4,3]

25.00 | $-50.90
[5,4,4]

25.00 | $-24.14
[5,4,5]

25.00 | $-24.14
[5,5,0]

25.00 | $-57.34
[5,5,1]

25.00 | $-88.15
[5,5,2]

25.00 | $-34.90
[5,5,3]

25.00 | $-50.90
[5,5,4]

25.00 | $-24.14
[5,5,5]

25.00 | $-24.14
✅ All iterations completed
⚠️ MongoDB disconnected unexpectedly!
🔌 Disconnected from MongoDB
