🔌 Connected to MongoDB for all iterations
[0,0,0,0]

25.00 | $-34.90

25.00 | $70.33
[0,0,0,1]

25.00 | $70.33
[0,0,0,2]

25.00 | $70.33
[0,0,0,3]

25.00 | $70.33
[0,0,1,0]

25.00 | $70.33
[0,0,1,1]

25.00 | $70.33
[0,0,1,2]

25.00 | $70.33
[0,0,1,3]

25.00 | $70.33
[0,0,2,0]

25.00 | $70.33
[0,0,2,1]

25.00 | $70.33
[0,0,2,2]

25.00 | $70.33
[0,0,2,3]

25.00 | $70.33
[0,0,3,0]

25.00 | $70.33
[0,0,3,1]

25.00 | $70.33
[0,0,3,2]

25.00 | $70.33
[0,0,3,3]

25.00 | $70.33
[0,1,0,0]

25.00 | $70.33
[0,1,0,1]

25.00 | $70.33
[0,1,0,2]

25.00 | $70.33
[0,1,0,3]

25.00 | $70.33
[0,1,1,0]

25.00 | $70.33
[0,1,1,1]

25.00 | $70.33
[0,1,1,2]

25.00 | $70.33
[0,1,1,3]

25.00 | $70.33
[0,1,2,0]

25.00 | $70.33
[0,1,2,1]

25.00 | $70.33
[0,1,2,2]

25.00 | $70.33
[0,1,2,3]

25.00 | $70.33
[0,1,3,0]

25.00 | $70.33
[0,1,3,1]

25.00 | $70.33
[0,1,3,2]

25.00 | $70.33
[0,1,3,3]

25.00 | $70.33
[0,2,0,0]

25.00 | $70.33
[0,2,0,1]

25.00 | $70.33
[0,2,0,2]

25.00 | $70.33
[0,2,0,3]

25.00 | $70.33
[0,2,1,0]

25.00 | $70.33
[0,2,1,1]

25.00 | $70.33
[0,2,1,2]

25.00 | $70.33
[0,2,1,3]

25.00 | $70.33
[0,2,2,0]

25.00 | $70.33
[0,2,2,1]

25.00 | $70.33
[0,2,2,2]

25.00 | $70.33
[0,2,2,3]

25.00 | $70.33
[0,2,3,0]

25.00 | $70.33
[0,2,3,1]

25.00 | $70.33
[0,2,3,2]

25.00 | $70.33
[0,2,3,3]

25.00 | $70.33
[0,3,0,0]

25.00 | $70.33
[0,3,0,1]

25.00 | $70.33
[0,3,0,2]

25.00 | $70.33
[0,3,0,3]

25.00 | $70.33
[0,3,1,0]

25.00 | $70.33
[0,3,1,1]

25.00 | $70.33
[0,3,1,2]

25.00 | $70.33
[0,3,1,3]

25.00 | $70.33
[0,3,2,0]

25.00 | $70.33
[0,3,2,1]

25.00 | $70.33
[0,3,2,2]

25.00 | $70.33
[0,3,2,3]

25.00 | $70.33
[0,3,3,0]

25.00 | $70.33
[0,3,3,1]

25.00 | $70.33
[0,3,3,2]

25.00 | $70.33
[0,3,3,3]

25.00 | $70.33
[1,0,0,0]

25.00 | $70.33
[1,0,0,1]

25.00 | $70.33
[1,0,0,2]

25.00 | $70.33
[1,0,0,3]

25.00 | $70.33
[1,0,1,0]

25.00 | $70.33
[1,0,1,1]

25.00 | $70.33
[1,0,1,2]

25.00 | $70.33
[1,0,1,3]

25.00 | $70.33
[1,0,2,0]

25.00 | $70.33
[1,0,2,1]

25.00 | $70.33
[1,0,2,2]

25.00 | $70.33
[1,0,2,3]

25.00 | $70.33
[1,0,3,0]

25.00 | $70.33
[1,0,3,1]

25.00 | $70.33
[1,0,3,2]

25.00 | $70.33
[1,0,3,3]

25.00 | $70.33
[1,1,0,0]

25.00 | $70.33
[1,1,0,1]

25.00 | $70.33
[1,1,0,2]

25.00 | $70.33
[1,1,0,3]

25.00 | $70.33
[1,1,1,0]

25.00 | $70.33
[1,1,1,1]

25.00 | $70.33
[1,1,1,2]

25.00 | $70.33
[1,1,1,3]

25.00 | $70.33
[1,1,2,0]

25.00 | $70.33
[1,1,2,1]

25.00 | $70.33
[1,1,2,2]

25.00 | $70.33
[1,1,2,3]

25.00 | $70.33
[1,1,3,0]

25.00 | $70.33
[1,1,3,1]

25.00 | $70.33
[1,1,3,2]

25.00 | $70.33
[1,1,3,3]

25.00 | $70.33
[1,2,0,0]

25.00 | $70.33
[1,2,0,1]

25.00 | $70.33
[1,2,0,2]

25.00 | $70.33
[1,2,0,3]

25.00 | $70.33
[1,2,1,0]

25.00 | $70.33
[1,2,1,1]

25.00 | $70.33
[1,2,1,2]

25.00 | $70.33
[1,2,1,3]

25.00 | $70.33
[1,2,2,0]

25.00 | $70.33
[1,2,2,1]

25.00 | $70.33
[1,2,2,2]

25.00 | $70.33
[1,2,2,3]

25.00 | $70.33
[1,2,3,0]

25.00 | $70.33
[1,2,3,1]

25.00 | $70.33
[1,2,3,2]

25.00 | $70.33
[1,2,3,3]

25.00 | $70.33
[1,3,0,0]

25.00 | $70.33
[1,3,0,1]

25.00 | $70.33
[1,3,0,2]

25.00 | $70.33
[1,3,0,3]

25.00 | $70.33
[1,3,1,0]

25.00 | $70.33
[1,3,1,1]

25.00 | $70.33
[1,3,1,2]

25.00 | $70.33
[1,3,1,3]

25.00 | $70.33
[1,3,2,0]

25.00 | $70.33
[1,3,2,1]

25.00 | $70.33
[1,3,2,2]

25.00 | $70.33
[1,3,2,3]

25.00 | $70.33
[1,3,3,0]

25.00 | $70.33
[1,3,3,1]

25.00 | $70.33
[1,3,3,2]

25.00 | $70.33
[1,3,3,3]

25.00 | $70.33
[2,0,0,0]

25.00 | $70.33
[2,0,0,1]

25.00 | $70.33
[2,0,0,2]

25.00 | $70.33
[2,0,0,3]

25.00 | $70.33
[2,0,1,0]

25.00 | $70.33
[2,0,1,1]

25.00 | $70.33
[2,0,1,2]

25.00 | $70.33
[2,0,1,3]

25.00 | $70.33
[2,0,2,0]

25.00 | $70.33
[2,0,2,1]

25.00 | $70.33
[2,0,2,2]

25.00 | $70.33
[2,0,2,3]

25.00 | $70.33
[2,0,3,0]

25.00 | $70.33
[2,0,3,1]

25.00 | $70.33
[2,0,3,2]

25.00 | $70.33
[2,0,3,3]

25.00 | $70.33
[2,1,0,0]

25.00 | $70.33
[2,1,0,1]

25.00 | $70.33
[2,1,0,2]

25.00 | $70.33
[2,1,0,3]

25.00 | $70.33
[2,1,1,0]

25.00 | $70.33
[2,1,1,1]

25.00 | $70.33
[2,1,1,2]

25.00 | $70.33
[2,1,1,3]

25.00 | $70.33
[2,1,2,0]

25.00 | $70.33
[2,1,2,1]

25.00 | $70.33
[2,1,2,2]

25.00 | $70.33
[2,1,2,3]

25.00 | $70.33
[2,1,3,0]

25.00 | $70.33
[2,1,3,1]

25.00 | $70.33
[2,1,3,2]

25.00 | $70.33
[2,1,3,3]

25.00 | $70.33
[2,2,0,0]

25.00 | $70.33
[2,2,0,1]

25.00 | $70.33
[2,2,0,2]

25.00 | $70.33
[2,2,0,3]

25.00 | $70.33
[2,2,1,0]

25.00 | $70.33
[2,2,1,1]

25.00 | $70.33
[2,2,1,2]

25.00 | $70.33
[2,2,1,3]

25.00 | $70.33
[2,2,2,0]

25.00 | $70.33
[2,2,2,1]

25.00 | $70.33
[2,2,2,2]

25.00 | $70.33
[2,2,2,3]

25.00 | $70.33
[2,2,3,0]

25.00 | $70.33
[2,2,3,1]

25.00 | $70.33
[2,2,3,2]

25.00 | $70.33
[2,2,3,3]

25.00 | $70.33
[2,3,0,0]

25.00 | $70.33
[2,3,0,1]

25.00 | $70.33
[2,3,0,2]

25.00 | $70.33
[2,3,0,3]

25.00 | $70.33
[2,3,1,0]

25.00 | $70.33
[2,3,1,1]

25.00 | $70.33
[2,3,1,2]

25.00 | $70.33
[2,3,1,3]

25.00 | $70.33
[2,3,2,0]

25.00 | $70.33
[2,3,2,1]

25.00 | $70.33
[2,3,2,2]

25.00 | $70.33
[2,3,2,3]

25.00 | $70.33
[2,3,3,0]

25.00 | $70.33
[2,3,3,1]

25.00 | $70.33
[2,3,3,2]

25.00 | $70.33
[2,3,3,3]

25.00 | $70.33
[3,0,0,0]

25.00 | $70.33
[3,0,0,1]

25.00 | $70.33
[3,0,0,2]

25.00 | $70.33
[3,0,0,3]

25.00 | $70.33
[3,0,1,0]

25.00 | $70.33
[3,0,1,1]

25.00 | $70.33
[3,0,1,2]

25.00 | $70.33
[3,0,1,3]

25.00 | $70.33
[3,0,2,0]

25.00 | $70.33
[3,0,2,1]

25.00 | $70.33
[3,0,2,2]

25.00 | $70.33
[3,0,2,3]

25.00 | $70.33
[3,0,3,0]

25.00 | $70.33
[3,0,3,1]

25.00 | $70.33
[3,0,3,2]

25.00 | $70.33
[3,0,3,3]

25.00 | $70.33
[3,1,0,0]

25.00 | $70.33
[3,1,0,1]

25.00 | $70.33
[3,1,0,2]

25.00 | $70.33
[3,1,0,3]

25.00 | $70.33
[3,1,1,0]

25.00 | $70.33
[3,1,1,1]

25.00 | $70.33
[3,1,1,2]

25.00 | $70.33
[3,1,1,3]

25.00 | $70.33
[3,1,2,0]

25.00 | $70.33
[3,1,2,1]

25.00 | $70.33
[3,1,2,2]

25.00 | $70.33
[3,1,2,3]

25.00 | $70.33
[3,1,3,0]

25.00 | $70.33
[3,1,3,1]

25.00 | $70.33
[3,1,3,2]

25.00 | $70.33
[3,1,3,3]

25.00 | $70.33
[3,2,0,0]

25.00 | $70.33
[3,2,0,1]

25.00 | $70.33
[3,2,0,2]

25.00 | $70.33
[3,2,0,3]

25.00 | $70.33
[3,2,1,0]

25.00 | $70.33
[3,2,1,1]

25.00 | $70.33
[3,2,1,2]

25.00 | $70.33
[3,2,1,3]

25.00 | $70.33
[3,2,2,0]

25.00 | $70.33
[3,2,2,1]

25.00 | $70.33
[3,2,2,2]

25.00 | $70.33
[3,2,2,3]

25.00 | $70.33
[3,2,3,0]

25.00 | $70.33
[3,2,3,1]

25.00 | $70.33
[3,2,3,2]

25.00 | $70.33
[3,2,3,3]

25.00 | $70.33
[3,3,0,0]

25.00 | $70.33
[3,3,0,1]

25.00 | $70.33
[3,3,0,2]

25.00 | $70.33
[3,3,0,3]

25.00 | $70.33
[3,3,1,0]

25.00 | $70.33
[3,3,1,1]

25.00 | $70.33
[3,3,1,2]

25.00 | $70.33
[3,3,1,3]

25.00 | $70.33
[3,3,2,0]

25.00 | $70.33
[3,3,2,1]

25.00 | $70.33
[3,3,2,2]

25.00 | $70.33
[3,3,2,3]

25.00 | $70.33
[3,3,3,0]

25.00 | $70.33
[3,3,3,1]

25.00 | $70.33
[3,3,3,2]

25.00 | $70.33
[3,3,3,3]

25.00 | $70.33
✅ All iterations completed
⚠️ MongoDB disconnected unexpectedly!
🔌 Disconnected from MongoDB
