🔌 Connected to MongoDB for all iterations
[0,0,0]

25.00 | $-34.90

25.00 | $-16.00
[0,0,1]

25.00 | $-62.74
[0,0,2]

25.00 | $-74.22
[0,0,3]

25.00 | $-82.22
[0,0,4]

25.00 | $-72.53
[0,0,5]

25.00 | $-72.53
[0,1,0]

25.00 | $16.00
[0,1,1]

25.00 | $-26.40
[0,1,2]

25.00 | $-49.88
[0,1,3]

25.00 | $-65.88
[0,1,4]

25.00 | $-39.12
[0,1,5]

25.00 | $-39.12
[0,2,0]

25.00 | $51.60
[0,2,1]

25.00 | $-2.80
[0,2,2]

25.00 | $-14.38
[0,2,3]

25.00 | $-30.38
[0,2,4]

25.00 | $-3.62
[0,2,5]

25.00 | $-3.62
[0,3,0]

25.00 | $70.33
[0,3,1]

25.00 | $16.60
[0,3,2]

25.00 | $5.02
[0,3,3]

25.00 | $-10.98
[0,3,4]

25.00 | $15.78
[0,3,5]

25.00 | $15.78
[0,4,0]

25.00 | $-11.69
[0,4,1]

25.00 | $-30.50
[0,4,2]

25.00 | $1.12
[0,4,3]

25.00 | $-14.88
[0,4,4]

25.00 | $11.88
[0,4,5]

25.00 | $11.88
[0,5,0]

25.00 | $-11.69
[0,5,1]

25.00 | $-30.50
[0,5,2]

25.00 | $1.12
[0,5,3]

25.00 | $-14.88
[0,5,4]

25.00 | $11.88
[0,5,5]

25.00 | $11.88
[1,0,0]

25.00 | $-16.00
[1,0,1]

25.00 | $-62.74
[1,0,2]

25.00 | $-74.22
[1,0,3]

25.00 | $-82.22
[1,0,4]

25.00 | $-72.53
[1,0,5]

25.00 | $-72.53
[1,1,0]

25.00 | $16.00
[1,1,1]

25.00 | $-26.40
[1,1,2]

25.00 | $-49.88
[1,1,3]

25.00 | $-65.88
[1,1,4]

25.00 | $-39.12
[1,1,5]

25.00 | $-39.12
[1,2,0]

25.00 | $51.60
[1,2,1]

25.00 | $-2.80
[1,2,2]

25.00 | $-14.38
[1,2,3]

25.00 | $-30.38
[1,2,4]

25.00 | $-3.62
[1,2,5]

25.00 | $-3.62
[1,3,0]

25.00 | $70.33
[1,3,1]

25.00 | $16.60
[1,3,2]

25.00 | $5.02
[1,3,3]

25.00 | $-10.98
[1,3,4]

25.00 | $15.78
[1,3,5]

25.00 | $15.78
[1,4,0]

25.00 | $-40.88
[1,4,1]

25.00 | $-71.69
[1,4,2]

25.00 | $-18.44
[1,4,3]

25.00 | $-34.44
[1,4,4]

25.00 | $-7.68
[1,4,5]

25.00 | $-7.68
[1,5,0]

25.00 | $-40.88
[1,5,1]

25.00 | $-71.69
[1,5,2]

25.00 | $-18.44
[1,5,3]

25.00 | $-34.44
[1,5,4]

25.00 | $-7.68
[1,5,5]

25.00 | $-7.68
[2,0,0]

25.00 | $-16.00
[2,0,1]

25.00 | $-62.74
[2,0,2]

25.00 | $-74.22
[2,0,3]

25.00 | $-82.22
[2,0,4]

25.00 | $-72.53
[2,0,5]

25.00 | $-72.53
[2,1,0]

25.00 | $16.00
[2,1,1]

25.00 | $-26.40
[2,1,2]

25.00 | $-49.88
[2,1,3]

25.00 | $-65.88
[2,1,4]

25.00 | $-39.12
[2,1,5]

25.00 | $-39.12
[2,2,0]

25.00 | $51.60
[2,2,1]

25.00 | $-2.80
[2,2,2]

25.00 | $-14.38
[2,2,3]

25.00 | $-30.38
[2,2,4]

25.00 | $-3.62
[2,2,5]

25.00 | $-3.62
[2,3,0]

25.00 | $70.33
[2,3,1]

25.00 | $16.60
[2,3,2]

25.00 | $5.02
[2,3,3]

25.00 | $-10.98
[2,3,4]

25.00 | $15.78
[2,3,5]

25.00 | $15.78
[2,4,0]

25.00 | $-57.34
[2,4,1]

25.00 | $-88.15
[2,4,2]

25.00 | $-34.90
[2,4,3]

25.00 | $-50.90
[2,4,4]

25.00 | $-24.14
[2,4,5]

25.00 | $-24.14
[2,5,0]

25.00 | $-57.34
[2,5,1]

25.00 | $-88.15
[2,5,2]

25.00 | $-34.90
[2,5,3]

25.00 | $-50.90
[2,5,4]

25.00 | $-24.14
[2,5,5]

25.00 | $-24.14
[3,0,0]

25.00 | $-16.00
[3,0,1]

25.00 | $-62.74
[3,0,2]

25.00 | $-74.22
[3,0,3]

25.00 | $-82.22
[3,0,4]

25.00 | $-72.53
[3,0,5]

25.00 | $-72.53
[3,1,0]

25.00 | $16.00
[3,1,1]

25.00 | $-26.40
[3,1,2]

25.00 | $-49.88
[3,1,3]

25.00 | $-65.88
[3,1,4]

25.00 | $-39.12
[3,1,5]

25.00 | $-39.12
[3,2,0]

25.00 | $51.60
[3,2,1]

25.00 | $-2.80
[3,2,2]

25.00 | $-14.38
[3,2,3]

25.00 | $-30.38
[3,2,4]

25.00 | $-3.62
[3,2,5]

25.00 | $-3.62
[3,3,0]

25.00 | $70.33
[3,3,1]

25.00 | $16.60
[3,3,2]

25.00 | $5.02
[3,3,3]

25.00 | $-10.98
[3,3,4]

25.00 | $15.78
[3,3,5]

25.00 | $15.78
[3,4,0]

25.00 | $-57.34
[3,4,1]

25.00 | $-88.15
[3,4,2]

25.00 | $-34.90
[3,4,3]

25.00 | $-50.90
[3,4,4]

25.00 | $-24.14
[3,4,5]

25.00 | $-24.14
[3,5,0]

25.00 | $-57.34
[3,5,1]

25.00 | $-88.15
[3,5,2]

25.00 | $-34.90
[3,5,3]

25.00 | $-50.90
[3,5,4]

25.00 | $-24.14
[3,5,5]

25.00 | $-24.14
[4,0,0]

25.00 | $-16.00
[4,0,1]

25.00 | $-62.74
[4,0,2]

25.00 | $-74.22
[4,0,3]

25.00 | $-82.22
[4,0,4]

25.00 | $-72.53
[4,0,5]

25.00 | $-72.53
[4,1,0]

25.00 | $16.00
[4,1,1]

25.00 | $-26.40
[4,1,2]

25.00 | $-49.88
[4,1,3]

25.00 | $-65.88
[4,1,4]

25.00 | $-39.12
[4,1,5]

25.00 | $-39.12
[4,2,0]

25.00 | $51.60
[4,2,1]

25.00 | $-2.80
[4,2,2]

25.00 | $-14.38
[4,2,3]

25.00 | $-30.38
[4,2,4]

25.00 | $-3.62
[4,2,5]

25.00 | $-3.62
[4,3,0]

25.00 | $70.33
[4,3,1]

25.00 | $16.60
[4,3,2]

25.00 | $5.02
[4,3,3]

25.00 | $-10.98
[4,3,4]

25.00 | $15.78
[4,3,5]

25.00 | $15.78
[4,4,0]

25.00 | $-57.34
[4,4,1]

25.00 | $-88.15
[4,4,2]

25.00 | $-34.90
[4,4,3]

25.00 | $-50.90
[4,4,4]

25.00 | $-24.14
[4,4,5]

25.00 | $-24.14
[4,5,0]

25.00 | $-57.34
[4,5,1]

25.00 | $-88.15
[4,5,2]

25.00 | $-34.90
[4,5,3]

25.00 | $-50.90
[4,5,4]

25.00 | $-24.14
[4,5,5]

25.00 | $-24.14
[5,0,0]

25.00 | $-16.00
[5,0,1]

25.00 | $-62.74
[5,0,2]

25.00 | $-74.22
[5,0,3]

25.00 | $-82.22
[5,0,4]

25.00 | $-72.53
[5,0,5]

25.00 | $-72.53
[5,1,0]

25.00 | $16.00
[5,1,1]

25.00 | $-26.40
[5,1,2]

25.00 | $-49.88
[5,1,3]

25.00 | $-65.88
[5,1,4]

25.00 | $-39.12
[5,1,5]

25.00 | $-39.12
[5,2,0]

25.00 | $51.60
[5,2,1]

25.00 | $-2.80
[5,2,2]

25.00 | $-14.38
[5,2,3]

25.00 | $-30.38
[5,2,4]

25.00 | $-3.62
[5,2,5]

25.00 | $-3.62
[5,3,0]

25.00 | $70.33
[5,3,1]

25.00 | $16.60
[5,3,2]

25.00 | $5.02
[5,3,3]

25.00 | $-10.98
[5,3,4]

25.00 | $15.78
[5,3,5]

25.00 | $15.78
[5,4,0]

25.00 | $-57.34
[5,4,1]

25.00 | $-88.15
[5,4,2]

25.00 | $-34.90
[5,4,3]

25.00 | $-50.90
[5,4,4]

25.00 | $-24.14
[5,4,5]

25.00 | $-24.14
[5,5,0]

25.00 | $-57.34
[5,5,1]

25.00 | $-88.15
[5,5,2]

25.00 | $-34.90
[5,5,3]

25.00 | $-50.90
[5,5,4]

25.00 | $-24.14
[5,5,5]

25.00 | $-24.14
✅ All iterations completed
⚠️ MongoDB disconnected unexpectedly!
🔌 Disconnected from MongoDB
